rows(50)cols(50)
11.554948 12.866221 13.036908 11.381256 10.137049 12.642561 12.140704 13.194363 14.102083 14.070864 15.007586 12.169876 12.893034 11.249666 15.307004 14.679252 12.871128 12.850232 13.813613 12.470135 12.775543 12.790885 13.789297 15.535136 14.137032 14.233770 12.739371 14.432202 13.115475 10.119727 14.255443 16.705228 14.400176 14.238895 13.223062 9.565461 12.397098 11.136591 13.522377 14.100492 12.855181 13.085577 11.725071 15.001791 13.428597 12.612458 14.477552 13.534758 12.545161 12.763946 
11.520188 13.205747 15.043208 12.636285 10.978929 12.528090 14.499398 13.411559 13.613167 14.610942 15.498583 13.776503 14.442890 14.173028 16.655058 14.936955 12.849705 13.742300 14.614599 13.007843 12.749350 13.977746 15.069057 14.806546 13.891328 14.161006 14.227165 15.844578 13.391889 9.952797 13.853851 17.327437 14.169999 16.110930 15.315831 9.931924 12.244303 12.534129 13.064223 15.543548 12.950315 13.902690 12.664161 15.411874 13.362049 13.644208 14.420785 13.627373 13.949669 13.352855 
10.681198 11.239040 11.837623 10.410382 9.516812 11.253959 13.136028 12.246830 12.653901 13.013182 13.832148 12.006772 11.571121 10.857867 12.944940 12.628405 11.732327 11.851923 13.620108 11.529924 12.452339 11.595858 12.847542 12.724514 11.840763 12.438601 11.892059 13.354436 11.710905 8.973663 13.842023 15.053793 12.134813 14.081924 11.738712 8.944027 12.176647 10.492889 11.877025 12.915493 12.107708 12.420551 10.239689 13.649673 11.944044 12.651096 12.398262 12.387242 12.466996 12.463391 
11.675799 12.237256 13.747808 12.294474 10.719765 11.895002 12.361322 11.873776 12.300294 14.428521 13.936883 12.265043 12.824807 11.456037 13.851136 14.109146 11.963713 13.101428 12.933925 11.975150 11.845306 11.406907 13.507451 14.522825 13.860315 14.036673 11.659086 14.421117 13.189495 10.021293 13.894538 16.289874 13.319871 14.252266 13.654861 9.317911 11.474420 10.921199 12.553862 15.194196 12.347382 13.344896 11.816290 13.993456 13.118893 13.091218 12.646103 12.652565 12.199895 13.793867 
10.644815 11.665330 13.603114 10.794017 9.335266 12.790851 12.925812 11.265047 11.975068 12.873947 14.790909 12.422205 12.089435 10.420459 14.306186 14.661337 12.456530 12.527637 14.469703 11.597253 12.938445 12.462332 13.519829 14.064807 13.225461 13.745455 12.909020 14.460045 13.285199 9.471055 13.174116 15.571693 13.643156 14.983653 12.819740 10.019211 11.296723 11.619529 12.496790 13.135247 13.197952 13.152545 10.413875 13.303931 13.240032 12.597672 14.015520 13.217997 12.631592 11.739172 
12.041182 12.367341 13.806876 12.184270 10.135230 11.811588 12.858864 12.354459 12.456434 12.865829 14.149741 12.586926 12.040667 12.428074 14.402953 13.576375 12.828858 13.504556 14.920878 11.684155 13.652161 14.350897 14.075564 14.063503 13.186137 14.519671 12.604017 14.625003 12.330445 10.382945 14.627490 15.944179 13.632605 15.912203 13.905234 9.543953 13.205078 11.612869 13.107282 14.144885 13.078940 13.501124 11.441890 14.362716 13.933156 13.517308 12.371090 13.593846 13.316482 13.114940 
9.682922 11.020808 12.470857 11.623544 9.336516 11.748467 12.258123 10.234435 11.852058 12.452674 13.915284 12.463122 10.978697 10.119864 14.138754 14.286886 11.707381 11.969425 12.811791 10.939900 11.405313 11.713761 12.193581 14.233780 13.056481 13.928128 12.217200 13.874191 12.687643 9.410946 12.208251 15.841506 12.875743 15.120493 12.857924 10.004109 10.499036 10.525961 11.167981 13.666823 11.484149 12.127103 10.531407 13.129441 12.380210 12.449028 12.921768 12.605570 11.751498 12.299953 
10.636692 11.687287 12.717941 11.472966 9.587409 11.577507 12.312396 11.713530 12.182536 13.383879 13.438429 11.688683 11.727189 11.274220 13.071329 12.989589 10.601934 12.249523 12.386841 11.680052 10.431640 11.756499 12.480757 13.171177 12.467032 13.853156 11.005899 13.083554 12.833589 7.325238 12.847184 14.691181 12.584352 13.707229 13.150506 9.559475 11.902475 10.905160 11.937678 13.231011 11.849901 10.580517 11.524557 12.976230 10.991687 11.486524 12.332233 12.898561 11.916581 12.248791 
9.204853 11.542942 11.778039 10.327275 8.825169 10.519976 12.114278 10.615841 11.732412 12.791139 12.820045 11.316971 11.266845 10.839285 12.126117 12.012501 10.768145 11.441231 12.579759 10.200425 10.320583 12.210167 12.167598 12.523397 11.648451 12.477428 11.437212 12.495333 12.121882 8.186226 12.142261 13.951932 11.887252 13.152780 12.208994 9.818025 11.205632 10.568986 10.918649 12.294036 11.420768 10.377958 10.832047 12.521937 10.210686 11.610282 11.878442 11.149108 11.151634 11.294323 
10.750451 11.352774 12.470925 10.811761 9.341087 11.008671 11.325458 11.373277 10.767335 11.788279 13.809333 12.335343 10.717737 10.469953 13.380922 12.311253 11.525013 12.445186 12.986394 10.992368 11.744025 10.883905 13.397556 12.242336 12.549157 13.176943 10.841981 12.878130 11.450069 9.234773 12.764755 14.914828 12.005161 13.269772 12.328998 9.729955 11.425436 10.502498 11.598169 13.048739 12.124802 11.106783 10.432188 13.842788 11.695855 13.007162 11.976542 12.139657 12.488224 11.371183 
14.955134 14.896277 15.766347 14.690997 13.106325 14.681790 15.291901 14.015917 15.120027 16.318547 17.750440 15.855207 15.068228 15.422060 17.546653 17.756368 14.642413 16.156311 17.236037 14.935912 14.765523 15.249912 16.679659 18.149469 16.364908 18.327684 14.262791 18.869001 16.378850 10.793661 17.215200 18.446782 16.333679 18.429806 15.946588 13.192291 15.568818 12.722726 16.479175 17.940573 15.045254 15.138416 14.605334 17.619115 15.478210 16.197635 15.425682 15.446537 16.006419 15.860840 
11.828582 13.446577 13.194424 11.884721 10.951075 12.511478 12.574068 12.900656 13.299755 14.992181 13.990742 13.564943 12.211089 13.542291 14.521812 13.497858 12.496699 13.357305 13.671892 13.672473 12.584091 14.109632 14.334620 15.029142 13.169091 14.477132 13.248166 15.387482 13.097119 8.694258 14.886177 16.517665 14.492612 13.813868 13.570330 10.910625 13.209376 10.825373 12.788979 15.257777 12.002516 13.100431 12.531819 15.391688 13.259270 13.402265 14.405578 13.491435 13.669635 14.089354 
10.954801 13.295198 14.312403 12.227753 10.845765 11.868990 12.695024 12.062837 10.947433 14.115573 14.032800 13.551475 12.195607 11.632788 14.443898 14.981462 12.001185 13.278914 14.689444 12.327293 13.138759 12.259072 14.113925 14.853683 13.940660 14.065064 12.293131 15.011853 13.133628 10.012864 14.116332 16.398481 14.079698 14.716953 13.773883 10.320544 12.509579 11.486865 11.952078 14.836772 12.153733 12.863435 11.700202 14.935349 12.817645 13.889223 13.125021 12.958069 14.015874 13.158095 
9.631412 11.364464 12.551417 10.853344 8.777918 10.262294 12.356533 11.654108 11.496044 12.803636 12.390167 11.215619 10.598853 10.964598 13.776133 11.891380 11.037704 11.568948 12.593499 11.058124 11.199890 11.975219 12.490922 12.238556 12.252073 13.567296 11.253243 14.173704 11.787938 7.693252 11.335233 14.391863 12.894874 14.262912 12.538898 8.810016 11.391302 10.368709 10.641453 13.674064 11.239021 11.021127 10.967104 13.109287 10.471445 12.267090 12.376530 11.263811 11.480822 11.841775 
10.761846 11.533151 11.670679 10.285713 8.207049 10.946895 11.692231 11.012141 12.207438 12.094162 12.564762 10.256643 11.505722 11.734590 13.232615 13.016023 10.614748 10.936083 13.205017 11.301474 11.347536 12.507516 11.145258 12.267081 12.335366 12.880761 11.504217 13.622737 11.718720 7.954932 11.477080 15.063023 12.407927 12.619042 12.117696 8.326701 10.877413 9.358093 12.036451 12.474338 10.614481 10.326353 10.848595 12.408383 10.728181 10.533423 11.353205 10.983477 12.294994 11.805710 
10.697096 12.105942 12.982965 11.290986 9.277119 11.773523 11.711797 12.854563 13.104938 13.333527 13.453105 10.601916 10.294151 11.103940 13.959242 12.316698 11.624516 13.208038 13.251788 10.239591 12.177117 12.058665 12.931216 14.081441 12.446809 12.731790 11.213273 13.971035 12.538257 9.206099 13.817454 14.786687 11.982661 13.848113 12.328157 9.174456 11.897736 11.150899 12.400653 13.640674 12.292849 11.172683 10.805257 13.943342 11.922955 12.409971 13.385528 12.145914 12.207547 11.190713 
9.271204 10.814369 10.768385 10.313933 8.536554 10.428169 10.279235 10.200441 10.948047 12.305437 12.327058 11.487848 9.956808 9.631004 12.251909 12.273127 9.044083 10.812390 11.728849 10.483597 10.404547 11.644527 10.140341 12.657928 11.885564 13.562678 10.501553 12.311337 11.191027 8.270061 11.068007 13.489436 11.058477 12.659137 11.344288 8.730315 11.208574 9.249884 11.381387 12.242971 9.921928 9.419902 10.124458 12.725428 10.118580 10.931710 11.195797 9.639566 10.689229 11.912600 
11.532675 12.470580 13.404325 12.406569 10.127682 12.847722 14.252909 11.857604 15.034894 14.960497 14.394993 14.283784 12.335749 11.855946 15.084358 15.756615 12.739572 13.103949 14.408281 12.943956 12.235766 14.036081 13.119656 15.069760 12.932562 15.064020 14.339509 15.008959 13.400371 9.899145 14.398519 17.464154 15.027577 16.075386 14.227218 10.464180 12.225060 11.593253 13.212583 15.395129 13.076554 13.152403 11.833904 13.661797 13.738817 12.875740 13.501768 14.663999 13.429919 14.649030 
11.963247 10.901236 12.685388 11.621543 9.989792 12.107126 11.500562 11.086361 12.793894 12.525437 13.456525 12.791297 12.399849 11.800607 13.114010 13.424382 11.478452 12.842882 12.546531 11.105997 10.283988 11.760205 12.753155 13.016302 11.646057 13.500058 11.565833 14.609610 12.402645 8.320746 13.246581 14.442563 13.011397 14.199190 14.694373 10.150827 12.392253 11.121342 11.793664 14.200827 11.094631 11.758918 11.296870 12.445636 12.152283 11.892451 11.439659 12.933994 12.460887 12.384720 
10.580287 12.287602 11.837402 11.421199 9.251848 10.949134 11.846831 11.985686 12.435639 12.432229 13.795076 12.120941 11.257746 11.630501 14.279329 14.064755 10.708526 12.574622 14.212380 10.601080 12.275857 13.090124 12.509457 13.995012 13.068236 13.764396 12.187912 13.455060 11.603854 9.402254 13.931841 14.987142 13.430995 14.549753 12.874684 9.722386 10.845148 11.596703 11.721447 12.765740 11.454095 12.128244 10.620965 13.467000 11.231052 12.767299 11.831677 11.784227 12.310893 11.774390 
10.372907 11.315651 11.554406 10.199298 9.567293 10.789198 11.167685 10.653004 11.347329 12.480065 12.780074 12.506458 10.829501 10.685210 12.573179 12.659992 9.928516 10.954914 13.179645 10.599854 11.722562 10.822519 11.395779 12.780435 11.973344 12.807071 11.675194 13.653992 11.613008 9.639427 11.249408 14.421101 12.440412 13.188706 11.621112 9.232062 12.019261 10.154429 10.667373 13.048804 10.766794 11.437305 10.623350 13.354083 11.518623 11.189276 10.950674 10.284540 11.506293 12.414639 
12.636851 12.285250 14.875378 12.350866 10.888212 13.083011 13.561870 12.037139 12.669757 14.167400 14.069347 12.532246 12.445847 12.537249 15.168408 14.169289 13.598104 14.440951 14.061612 12.694078 13.723379 12.933225 14.244641 14.143224 13.159921 14.215005 12.549277 16.480162 14.369023 9.224532 14.973629 16.178414 13.709418 14.677254 14.178760 10.771475 12.739626 11.841505 12.654037 15.103167 12.710268 13.195922 11.324562 15.219973 13.680476 13.366667 13.988326 13.614119 14.780175 13.552668 
9.997188 11.987912 12.748297 10.640419 10.476511 10.690708 12.212899 11.520199 11.725152 12.931197 13.787888 12.363706 11.866303 12.050763 14.478338 13.775044 11.794832 11.329426 14.280852 12.633331 12.737001 12.807597 13.737221 13.778744 13.557484 14.000283 13.113701 14.620743 12.584788 9.848013 12.178806 15.477099 13.382330 14.128286 12.454589 9.019945 12.251759 9.806479 12.066712 14.114141 11.657602 13.153550 11.381778 14.661192 11.444610 13.091016 13.371317 12.020369 12.260764 12.258978 
9.011674 10.675030 11.509263 9.393301 8.702020 11.339658 11.557420 10.514819 11.690433 12.350865 12.082602 11.625013 10.044983 9.279668 11.669192 12.392571 10.683290 10.949037 12.361741 10.845013 10.146687 11.627800 11.809892 12.439222 11.724510 12.635502 11.164276 11.963310 11.398900 8.759994 12.921910 13.124282 11.664955 12.167931 11.018976 8.805168 11.157041 9.931824 11.329764 12.770853 10.991889 11.415270 9.901712 11.928771 10.932618 11.600572 12.406856 11.807132 10.476721 11.086177 
12.522002 12.903727 14.243989 13.261939 11.350764 11.917189 14.302709 11.770971 13.210915 13.248279 14.711347 12.282301 12.463924 11.610920 15.666385 15.385018 13.059566 13.979172 14.326096 12.171512 12.797885 13.240475 13.312742 14.360904 13.572591 15.145256 13.487911 15.240194 14.117410 9.762364 14.999397 15.412730 14.745661 16.020115 14.854490 10.549747 11.818472 11.661416 13.354780 14.646611 12.892901 13.550419 10.985335 14.594509 12.867948 13.677668 13.627323 14.062395 13.160981 12.721044 
9.921382 10.383084 12.482263 10.395444 8.212631 10.468445 10.862869 10.227969 11.596073 12.703972 12.176600 9.502706 10.173882 10.072646 12.426962 11.823543 11.804357 12.211700 12.073761 9.598504 11.909525 11.813690 11.166587 13.848033 11.632639 13.496802 9.694980 13.182423 12.190860 8.367830 13.074617 12.864130 11.791564 13.520966 11.873740 9.580792 11.214012 9.736600 12.227810 11.836114 11.819787 10.561352 10.997886 12.842110 11.301981 12.461411 11.395343 11.085990 11.228643 10.776502 
9.529983 11.685705 12.760375 11.610406 10.206985 11.617947 11.275037 11.254401 11.156988 13.318958 13.631453 11.029030 10.964166 12.858194 12.425796 14.327100 10.655343 12.104050 13.525401 10.937690 11.766554 11.605916 13.450712 13.894578 12.875322 12.928730 12.239076 14.170297 13.041574 8.111530 12.376512 13.875596 12.286873 14.309270 12.621616 9.387732 11.238427 10.428036 12.311539 13.220131 12.461131 11.799500 10.707219 13.706818 12.211315 12.558379 12.277154 11.644922 11.111801 11.388772 
10.480697 11.237547 12.440173 10.600043 9.131970 11.000707 9.661261 11.059572 12.001919 11.789381 12.608057 10.219059 10.280647 10.981419 11.366724 11.753052 10.495385 11.641283 12.138799 10.686825 11.034527 12.409884 10.916746 12.784490 11.965583 13.025933 10.645307 13.193897 12.363914 8.340553 12.672204 12.943326 12.304368 12.894667 11.827403 9.012815 10.145327 10.505016 11.298492 12.348494 10.948754 10.657746 10.324759 11.990499 11.357420 11.619409 10.478445 11.506708 10.367112 11.454306 
10.823070 11.345031 13.156281 12.474391 10.539262 12.966924 12.773021 11.881393 12.840679 13.447953 13.891344 12.577562 11.670309 12.444489 14.242177 14.789075 11.709721 13.246721 13.838613 12.555854 11.581073 12.353800 13.233589 13.950833 12.639307 13.964209 11.812426 14.312184 12.779149 9.492033 14.361145 14.927206 12.619694 13.798066 12.636123 10.185317 12.688578 11.233816 12.710905 13.838070 13.157520 11.997524 10.266929 15.314165 12.072014 12.577547 13.313384 12.801794 12.595170 12.263803 
10.299856 10.470094 10.801853 10.984094 9.670744 10.639358 11.578989 10.239704 10.225416 11.075955 11.813346 11.529555 10.244766 11.344400 12.309806 12.188615 9.288767 11.236346 12.614359 10.962275 11.344654 10.914411 11.490459 12.001012 10.958029 12.109132 11.052872 13.606468 9.686530 8.066200 11.799223 13.737658 12.232212 12.873374 11.609749 9.470101 10.428143 9.190925 10.921406 12.193157 10.756592 11.222906 9.878665 12.865575 10.423391 11.481657 10.894089 11.014740 12.050087 11.476359 
11.262763 12.981128 13.972436 12.786383 10.423041 12.795098 14.311911 12.335448 12.180975 13.501761 15.743112 13.448184 13.568644 12.899992 15.613894 15.296184 12.068918 13.447145 15.056482 11.959184 13.037157 12.482747 14.419669 15.144719 13.342600 14.846544 12.841038 14.992254 13.875889 9.508377 14.258594 16.994220 14.467629 16.281643 14.302317 10.502459 12.531822 11.268925 12.573822 14.824876 12.702602 13.016476 12.647371 14.900128 13.742027 13.265563 13.540621 13.296539 14.010383 13.766361 
11.176642 11.671170 11.644752 9.890690 9.242033 10.351543 11.487664 10.205903 12.717942 13.309631 13.456071 12.357571 10.410115 11.903829 12.870285 11.486395 10.647990 11.658458 12.508420 11.816543 11.723986 12.297010 11.808651 11.419901 11.713692 14.131400 11.416259 12.557784 11.633625 8.476178 11.186368 15.451055 12.555132 12.670905 12.906429 10.073882 10.800576 10.146044 11.796562 12.508271 11.238325 11.226381 10.984128 13.094757 10.940294 11.868181 12.203186 12.021405 12.860260 12.440315 
11.986236 12.258784 13.199679 12.774151 10.964645 13.487513 13.214021 12.200631 13.429938 13.913525 13.093035 12.488054 12.808140 12.423905 13.776770 15.304400 12.967353 13.501485 14.707158 13.086088 13.524252 13.909105 13.689179 14.831312 13.071715 14.645235 11.329868 14.964044 12.696331 9.926607 14.849036 16.148265 13.406136 14.054678 13.208219 10.245176 13.566772 10.878084 12.914949 14.918473 13.260272 12.653782 10.906273 15.311190 13.091226 13.109875 13.712237 13.702172 13.803814 13.460602 
12.524789 13.138778 13.258443 12.866421 10.707416 12.791306 13.274555 13.396082 13.961611 14.275834 14.940112 13.782437 12.916433 11.912262 16.009935 14.188318 12.570131 13.722741 14.650740 13.068583 12.784829 13.902202 13.924087 14.512255 14.427975 15.150631 11.627961 13.860070 12.614742 10.880710 14.806342 17.549834 13.611265 14.727756 13.045549 10.893349 12.737001 12.860991 13.916551 14.666404 14.008503 11.225718 11.455430 15.186173 12.070264 13.559376 13.211069 14.091006 13.884924 12.913761 
10.454834 10.498306 11.756331 10.274862 8.551791 10.225945 11.011822 10.307542 12.787374 13.012339 12.117339 11.744484 10.696915 10.987262 12.505183 12.020414 11.645150 11.224924 12.187447 12.308179 10.465852 11.673665 11.449177 13.496261 10.331733 12.595362 11.456239 13.514102 10.894688 8.732921 12.494817 14.450891 11.783642 12.886961 11.323164 8.540432 11.236835 8.848065 11.720233 13.571851 10.698953 11.580969 10.459742 12.919028 12.205904 12.056816 11.862418 12.455593 11.912612 11.870563 
11.896155 12.940136 13.036018 11.692968 11.243003 12.792258 13.307012 12.500301 13.149077 14.305469 16.059700 13.286295 12.067989 12.189446 14.863649 14.124815 14.156501 12.754306 14.070438 12.842834 13.695609 12.906034 15.479293 14.879734 13.592994 14.495502 12.321328 15.277368 13.848466 10.128054 14.034839 16.776068 13.308513 15.251517 14.017278 11.529982 13.162966 11.331615 13.259611 13.734383 14.207085 12.734349 10.967180 15.807766 13.839841 13.701551 14.169012 13.108493 13.932779 12.395741 
10.190510 11.083493 12.008259 11.261004 10.104401 11.507523 13.035883 11.303137 13.063258 12.897041 13.240978 11.103657 11.146600 11.080712 13.050692 13.672550 11.591466 12.275099 12.388642 11.169262 11.907728 11.300421 12.562289 13.012562 12.426281 12.339523 10.814702 13.258427 12.963127 9.376272 13.255717 14.215318 11.628126 12.689593 13.662930 9.742770 11.697086 11.222955 12.264385 13.164072 11.469731 11.383881 10.436372 13.966236 10.398078 12.298055 12.500620 12.166371 12.722144 11.546457 
11.424792 12.896457 14.140067 12.265482 10.632296 12.504171 11.697969 12.254777 12.535439 13.484941 15.155673 13.470688 12.617586 12.232247 15.574107 15.333831 12.404578 12.627157 14.949640 12.099883 12.212314 11.995107 14.343788 14.517869 13.472059 14.152302 13.116882 14.504793 13.270594 10.393288 14.783434 16.380571 13.854918 16.243609 13.873682 8.966025 12.133465 11.247445 13.115847 14.106879 12.726225 12.518365 11.221718 15.103029 14.057649 13.068832 12.602077 13.872971 13.097730 12.413587 
11.304665 11.411770 12.677178 11.394393 9.398917 10.790039 11.374694 10.477941 11.349837 12.786086 12.428134 11.388272 10.941198 12.267838 11.555991 12.050998 11.392660 11.993401 13.007705 10.644696 12.227389 12.213403 11.995382 12.575953 11.510478 12.786190 12.160980 15.164331 12.242626 8.499186 12.810260 14.431625 12.246216 13.697118 11.395229 9.505740 11.100043 11.015751 10.912771 12.583073 12.247853 10.824816 9.248739 12.347519 12.000802 11.410269 10.784561 12.076069 11.328668 12.334126 
10.711430 11.441573 12.311557 10.865606 8.850337 10.679746 12.923850 10.876808 11.654580 12.474175 13.312936 12.177498 10.111395 11.431459 12.976090 13.983958 11.033658 12.121743 12.848422 11.042297 11.033331 11.597566 12.433988 13.085850 11.860038 12.574442 11.916685 14.092206 12.285970 7.714574 13.347596 13.614753 11.923826 13.982303 10.867612 9.949202 10.421340 10.878306 11.592390 13.202780 12.407928 11.584907 9.469604 12.313905 12.248101 11.888020 11.749553 12.479197 11.760707 11.544968 
11.493046 11.597702 10.865800 10.754630 10.194200 10.645506 10.515671 11.213259 11.636113 12.298427 12.024812 11.860315 10.508377 10.619316 13.247225 12.623498 10.254545 11.609424 11.568891 11.884972 10.021869 10.421320 12.291172 11.901794 11.829855 12.224806 10.809778 12.207994 10.789146 8.582621 13.210933 14.968392 12.286148 11.308374 11.730689 8.288807 11.161512 9.887398 10.985254 12.712236 10.128913 10.971293 9.735497 13.051814 11.093496 10.150400 11.120176 12.083646 12.309426 11.785621 
10.562260 13.027265 13.544454 12.316610 10.771344 12.071906 13.270733 12.642973 13.293223 14.317238 13.911142 11.584999 12.397121 12.068981 14.022707 14.300465 12.398614 12.623208 14.969104 12.171087 13.491092 13.205157 14.223564 14.098228 13.444627 13.537525 12.874607 13.928916 13.163531 10.382209 14.287956 17.002623 13.898571 15.097532 13.762495 9.049449 12.973185 10.863837 12.725905 14.615450 12.521897 12.693903 12.064048 15.204185 12.501793 13.851106 13.163668 12.933232 13.399520 13.204423 
10.047849 10.761821 11.228772 10.781344 8.842377 10.297304 11.355517 10.465766 11.642336 12.485407 11.970586 11.723851 11.162535 11.995083 11.959933 12.140282 10.812119 10.533908 11.486978 11.102787 10.496031 11.509291 12.544022 12.293991 10.782403 11.671966 10.587988 12.056675 11.051487 7.504058 12.121844 14.505889 11.405638 12.755659 11.437812 8.413128 10.746563 10.461607 10.690573 11.514742 10.701518 10.820041 10.429678 11.323406 11.208515 10.407452 10.188992 12.885084 11.925682 11.542631 
10.758723 11.797332 12.852414 11.137255 9.184387 11.162409 12.418803 11.337952 11.117501 12.317952 12.533044 10.388381 11.057125 10.216131 13.337166 13.136828 12.490906 11.846355 12.712526 10.699646 11.959986 11.092806 13.413061 12.910388 12.483796 11.613923 11.175843 13.415048 11.865330 9.404493 13.927027 14.837045 11.639459 14.029162 12.367462 9.077440 10.652407 10.945306 11.503558 13.117272 12.307319 11.994280 9.661142 13.237052 11.868941 12.936685 11.888813 12.250737 12.203235 11.103743 
11.279431 12.448858 13.597524 12.247418 9.580776 11.941687 14.614264 12.698008 14.215127 13.316898 15.343149 13.261074 11.836223 12.638714 14.366938 14.736471 12.259553 13.053370 14.538861 12.500739 11.668018 13.680944 13.477763 14.165722 13.754618 14.310654 13.319430 15.892394 13.558228 9.436139 13.409637 16.358457 13.269648 14.808669 14.044062 10.614240 12.596675 11.596138 12.883460 14.968425 12.363542 12.146519 11.439893 14.010074 12.311613 12.594438 13.774832 13.955755 13.709049 13.005461 
10.142739 12.247492 14.310202 12.692268 10.548723 12.720748 12.947017 12.893963 13.018593 14.271099 14.978280 12.699801 11.816910 12.774670 15.373423 14.697996 12.691668 12.675675 14.524660 13.039041 13.559285 14.129073 14.229423 15.393850 14.344938 15.571166 12.797415 14.992506 13.778673 9.958835 14.098545 15.597866 14.180250 15.663385 13.775819 10.169404 12.629974 11.945821 13.467233 14.080138 13.056010 13.180579 12.340968 15.033832 13.043322 14.221540 13.171504 13.618212 13.185014 12.332812 
9.732183 10.827961 12.504135 10.155591 8.429114 12.004850 13.055469 10.462722 12.067984 13.154215 13.984177 12.292206 11.997846 10.595447 13.103721 13.784583 12.524813 11.552788 12.945678 11.684756 11.530931 12.150135 13.126803 14.057244 12.905622 13.458580 12.446975 14.245535 12.722410 9.071329 12.743722 14.656910 11.835999 14.873804 12.487559 10.596491 11.644196 10.887115 12.765846 13.194395 12.130253 11.992245 10.614886 13.633016 12.328507 12.552250 12.596743 12.280875 11.941805 12.728387 
10.866874 11.839847 12.212108 11.205911 10.021409 11.562779 11.746119 10.929921 11.680891 13.032024 12.629073 11.998689 11.504860 11.663040 13.368407 12.713356 12.035285 11.901131 12.899961 11.310957 10.853811 12.371328 13.008032 13.449873 12.007575 13.835874 10.713978 13.494931 12.402083 8.823435 13.098860 14.115177 12.835550 13.355212 12.159766 9.406235 12.523242 10.125692 11.831216 13.144558 12.124802 11.783069 11.018485 13.563934 11.669864 11.874293 12.054292 11.849969 12.003302 11.632284 
11.528594 13.135509 13.080678 12.256105 10.059390 12.501849 13.109232 12.022082 12.145395 13.858823 14.909359 14.030951 13.564702 13.160454 15.152072 15.662488 13.363949 13.207602 14.991991 12.532614 13.131770 13.547048 15.410796 15.508690 13.593096 14.191776 12.993913 14.388680 12.580877 9.786132 14.631770 16.673065 13.049340 16.255571 12.994410 11.023941 12.428243 12.025916 12.877717 13.933978 13.606063 12.675636 10.657597 15.373597 13.931281 13.687775 13.192798 13.850103 13.606073 12.778951 
10.790025 11.352906 14.020664 10.660957 10.354477 12.224968 12.917701 11.011562 12.920272 14.152636 14.935478 13.516046 12.544847 11.685525 13.346559 14.053022 11.354302 12.385759 14.143828 12.188996 12.783029 12.065877 12.257974 13.055086 13.264177 14.891497 13.413946 14.037681 13.407530 9.329587 13.642683 15.532957 12.688894 14.390084 12.723747 10.475121 11.427259 9.890787 12.458462 14.661547 11.577559 12.912090 11.213888 14.232650 12.645924 13.619887 12.768029 12.118782 12.244576 14.504358 
